# oST version 5.0 parameters


[image]

width
768

height
432

[narrow_stereo]

camera matrix
500.687625 0.000000 378.671700
0.000000 501.120400 207.834516
0.000000 0.000000 1.000000

distortion
-0.044565 0.054824 0.000104 -0.001733 0.000000

rectification
1.000000 0.000000 0.000000
0.000000 1.000000 0.000000
0.000000 0.000000 1.000000

projection
500.123144 0.000000 377.286295 0.000000
0.000000 501.244124 207.992955 0.000000
0.000000 0.000000 1.000000 0.000000
